01101
01103
01106
01109
01112
01113
01114
01115
01116
01117
01119
01200
01204
01207
01211
01216
01220
01223
01227
01231
01235
01239
01243
01247
01252
01256
05100
05101
05103
05104
05105
05106
05109
05200
05202
05204
05206
05208
05210
05212
05214
05216
05219
05222
05224
05226
05228
05230
05231
05232
05234
05237
05239
05241
05243
05245
05248
05249
05250
05253
05256
07100
07101
07102
07104
07107
07200
07205
07208
07211
07214
07218
07221
07224
07228
07231
07233
07236
07242
07245
07250
07255
07257
12100
12101
12102
12104
12107
12110
12113
12116
12119
12121
12124
12126
12130
12135
12200
12203
12207
12210
12214
12218
12220
12223
12226
12229
12232
12235
12237
12238
12242
12245
12248
12250
12252
12254
12256
12258
12259
14100
14101
14102
14103
14106
14109
14112
14113
14115
14116
14117
14120
14121
14123
14125
14126
14129
14132
14133
14135
14136
14138
14141
14144
14147
14148
14150
14153
14155
14200
14203
14206
14209
14212
14215
14217
14220
14224
14227
14230
14233
14236
14239
14242
14245
14248
14252
14255
18100
18101
18104
18107
18109
18110
18200
18203
18206
18208
18209
18211
18214
18217
18220
18223
18225
18228
18231
18234
18237
18240
18242
18244
18247
18250
18252
18254
18256
18258
21100
21101
21102
21104
21108
21110
21200
21204
21208
21212
21215
21219
21224
21227
21232
21236
21240
21244
21248
21253
23100
23101
23104
23107
23110
23125
23200
23203
23206
23209
23211
23212
23215
23218
23221
23224
23227
23230
23233
23236
23239
23242
23245
23248
23249
23252
23255
26100
26101
26102
26103
26104
26106
26110
26200
26204
26208
26212
26216
26220
26228
26232
26236
26240
26244
26248
26252
26256
26258
32100
32103
32104
32105
32106
32107
32108
32109
32110
32111
32112
32113
32115
32116
32200
32202
32204
32206
32208
32210
32212
32214
32216
32218
32219
32220
32222
32224
32227
32229
32231
32233
32235
32237
32240
32242
32244
32246
32249
32255
35100
35101
35103
35106
35109
35200
35203
35205
35208
35211
35214
35217
35219
35222
35225
35228
35231
35234
35236
35238
35240
35243
35246
35249
35252
35255
35258
44100
44101
44103
44105
44110
44112
44114
44116
44118
44121
44123
44125
44127
44129
44131
44200
44203
44206
44209
44214
44216
44222
44225
44228
44231
44233
44236
44238
44240
44242
44245
44248
44251
44254
46100
46101
46103
46106
46107
46108
46109
46112
46115
46118
46200
46203
46206
46209
46212
46215
46218
46221
46224
46227
46230
46233
46236
46239
46242
46245
46248
46251
46253
46255
46258
48100
48101
48102
48103
48104
48108
48200
48203
48206
48209
48211
48214
48217
48220
48223
48227
48230
48233
48236
48239
48242
48245
48248
48251
48254
48257
51100
51101
51102
51103
51105
51106
51108
51112
51115
51117
51200
51202
51204
51206
51208
51210
51212
51214
51216
51218
51220
51223
51225
51227
51229
51231
51233
51235
51237
51239
51241
51243
51245
51247
51250
51252
51254
53100
53101
53102
53103
53104
53107
53109
53200
53202
53204
53206
53208
53210
53213
53216
53218
53220
53222
53224
53226
53228
53230
53232
53234
53236
53238
53240
53242
53245
53248
53251
53254
53257
56100
56101
56103
56107
56109
56200
56204
56208
56212
56214
56216
56218
56222
56226
56230
56234
56238
56242
56246
56250
56254
56258
59100
59101
59102
59103
59104
59105
59107
59110
59200
59203
59206
59209
59212
59215
59220
59223
59226
59229
59232
59235
59238
59241
59244
59247
59250
59253
59256
61100
61101
61103
61105
61107
61200
61204
61208
61212
61216
61220
61224
61226
61230
61234
61238
61242
61246
61248
61250
61252
61255
61258
63100
63101
63104
63107
63110
63112
63115
63120
63200
63202
63204
63206
63208
63210
63212
63214
63216
63217
63218
63220
63222
63226
63228
63231
63232
63233
63235
63237
63239
63242
63245
63246
63248
63251
63254
63257
65100
65101
65103
65104
65107
65200
65203
65206
65209
65212
65215
65218
65221
65223
65226
65229
65232
65235
65238
65241
65244
65247
65250
65254
68100
68101
68104
68105
68106
68107
68108
68200
68203
68206
68209
68212
68215
68218
68221
68224
68227
68230
68233
68236
68239
68242
68244
68247
68250
68252
68255
68258
71100
71101
71102
71103
71104
71105
71108
71200
71203
71206
71209
71212
71215
71218
71220
71222
71225
71228
71231
71234
71237
71240
71243
71246
71249
71251
71254
71257
73100
73101
73106
73200
73205
73207
73210
73215
73220
73225
73230
73235
73240
73245
73250
74100
74101
74104
74105
74107
74200
74203
74206
74208
74211
74214
74217
74220
74222
74224
74227
74230
74233
74236
74238
74241
74244
74247
74249
74251
74253
74255
74258
80300
80361
80363
80364
80366
80380
80382
80385
80386
80389
80391
85300
85363
85364
85366
85369