01101
46233
26252
73250
74253
85364
73215
44123
26110
53204
61204
61103
01106
65241
63245
48254
26103
80361
44101
14215
21208
63115
46115
59241
07211
51105
53200
56109
05230
01227
12218
44110
80364
05253
07255
07205
18206
63100
63112
23212
71257
65100
46251
65203
74238
32104
71220
07218
59253
32249
14100
61246
32216
74258
14141
23110
65200
85300
01252
51100
53206
18101
32240
59235
63214
56204
59256
01211
74217
59203
46224
74236
68106
05237
12259
32115
46103
05249
65212
46212
48239
23245
01204
80382
56258
53254
14106
12248
23203
35217
44103
44216
53216
48230
21101
74100
56250
14200
48217
51108
26228
01100
07221
71101
51239
32214
18214
05204
21232
44131
68233
80391
56226
53100
14248
14155
71212
14144
12223
12126
73210
61250
18109
53222
14136
53104
21236
14112
18211
12254
44240
61234
21253
23249
56218
14245
71108
35205
46215
61258
48251
46206
53228
68212
18225
44242
53210
23248
61212
65232
74227
68200
32244
48203
53230
05105
12107
14109
53251
74203
32246
53109
14230
53242
63218
12226
68108
59103
26204
71240
12235
71102
74211
48233
46203
05104
05245
01117
71234
12102
59250
74222
51206
74233
05243
18200
14150
73205
01220
12110
44231
14126
56242
71254
59102
12207
44236
05214
12113
07245
48214
44121
63235
32212
65206
51229
05232
14233
65215
01216
18231
32224
63246
68218
44127
21227
46100
44206
73200
65221
01223
53220
12203
48242
74230
14227
46209
71100
51210
59206
07233
61242
71104
35258
05228
71246
74241
35103
44238
65209
01231
35252
51106
68203
14102
53202
46258
21244
23230
18247
53208
35211
51101
35214
61230
59209
63110
14255
68247
32112
71251
35225
53238
05212
74220
07257
21248
12252
48227
12237
12200
18208
32235
59200
05250
12116
51233
56216
07224
56230
63228
21215
14116
14125
48206
68242
48104
23209
80366
18258
12119
14115
14129
23239
68258
14147
18244
61224
01103
51208
53226
68239
80385
74101
74104
71209
85366
23255
59244
65244
68244
35234
12100
21224
51202
51247
26208
51223
71225
07228
80300
48100
26102
61238
85369
46108
35109
32255
07104
14220
32204
53245
51227
53213
63237
07107
12101
44112
63254
05239
32105
44125
63242
14117
48103
21104
51102
51218
18107
05256
59247
14236
80380
14206
14153
21219
51115
61200
32110
35246
74208
68215
63120
46200
71206
18203
44100
07242
65250
12210
14242
56254
68255
68252
07236
61220
61101
61100
12104
48209
53240
01109
51252
74224
14123
23224
32220
61216
14113
73240
21200
44251
18256
53236
56103
73207
74255
68209
01207
14101
26106
51117
68236
32233
59100
07100
63220
23125
51245
26212
05248
73225
01256
14212
35222
63232
56100
44203
53218
05231
56246
32229
01114
05234
18220
21212
12135
01119
44222
12258
44209
51225
07101
56208
44248
46255
12121
18254
53107
26240
56238
05216
65226
23206
23233
26220
73106
63210
21110
14138
21100
26104
74249
46218
51237
63226
32108
68221
26200
01115
18217
26216
14148
59105
46221
63204
63206
51243
71215
05106
44245
63208
65254
35231
46112
71103
01235
63239
65247
35200
18209
26244
46101
21240
61226
46227
65229
05208
46236
26236
63231
14103
68206
18228
48108
51241
73101
21108
48245
12124
68227
05206
59107
63104
53102
59232
71237
32202
74244
32206
05226
35101
73235
65103
51200
61107
46107
07208
59229
23236
18100
35203
12242
14133
35238
05100
05103
63202
14209
44233
46230
18250
32113
44114
23107
23218
68105
51212
56200
73100
26248
14121
01112
18237
21204
48102
61105
01113
23242
32231
32208
71249
05241
12130
71200
65107
18234
12214
07214
18110
23252
26232
63248
05200
63101
71228
44118
48101
14252
32116
56212
05210
63217
48211
65218
46106
46239
63216
12245
51204
59223
68107
46245
23104
74214
01243
53224
68104
05224
26100
12229
32200
53234
59215
51216
32106
63222
61252
05202
44228
32210
80363
63257
53103
05101
32111
65223
56101
05219
48200
80386
71105
35240
14217
44200
68224
26258
68101
48257
74105
18252
74206
68100
14135
71203
48223
35219
51214
63200
71218
61248
71231
61208
63233
46109
12238
48220
12256
61255
59110
71243
73220
65104
44254
65101
56222
35208
80389
14132
18242
32237
32103
59104
32222
65238
23221
12220
35106
56234
18223
35236
63251
07231
44129
35255
23211
23100
23227
14203
73230
44105
05222
44116
68250
14224
51235
51231
07200
01247
85363
74247
71222
35100
35243
21102
32109
07102
59220
26101
12250
46248
74200
48236
35228
74107
56107
23215
51220
59238
59226
01116
14120
51112
32218
01239
35249
01200
18104
05109
46253
56214
65235
73245
32107
68230
26256
53232
32227
51254
07250
53257
51250
23200
44214
74251
46242
53101
14239
51103
63212
23101
59212
46118
32100
53248
44225
12232
63107
32242
18240
48248
59101
32219
